
779741700
1241823081
1226332338
669114984
883413219
1086962501
1034596098
1028799557
1033533206
1093380695
1006238354
1090951447
767398749
963121133
605877036
775969389
908265138
1254468052
397613881
441807052
842568227
679806465
-1001235453068
821127608
792728949
711301035
740503292
918624111
853452631
1201498803
672316219
412660694
1119050462
1166644014
1055462223
811686043
1019150229
601162563
572235627
998979034
997734476
759688757
568766299
1098921483
1204004177
625805699
659887532
865433774
683684484
832566667
1163540243
1058390488
516890281
1077855126
1073631477
449741276
931049713
623190382
1073915099
550758705
1284262666
1176727296
853409035
1184788166
1107541240
1285670368
536605183
733875389
708654057
514202080